{
 "cells": [
  {
   "cell_type": "code",
   "execution_count": 1,
   "id": "bc4fc025",
   "metadata": {},
   "outputs": [],
   "source": [
    "import pandas as pd\n",
    "import numpy as np\n",
    "from matplotlib import pyplot as plt\n",
    "import seaborn as sns\n",
    "sns.set()\n",
    "%matplotlib notebook\n",
    "\n",
    "from scipy import stats"
   ]
  },
  {
   "cell_type": "code",
   "execution_count": 2,
   "id": "961d9959",
   "metadata": {},
   "outputs": [],
   "source": [
    "df = pd.read_csv('../data/bayut/cleaned/ready_flats_valuation.csv')\n",
    "df = df[(df['surface'] <= 4000)]\n",
    "df['beds'] = df['beds'].astype(int)"
   ]
  },
  {
   "cell_type": "code",
   "execution_count": 3,
   "id": "78a0535d",
   "metadata": {},
   "outputs": [
    {
     "name": "stdout",
     "output_type": "stream",
     "text": [
      "<class 'pandas.core.frame.DataFrame'>\n",
      "Int64Index: 27141 entries, 0 to 27140\n",
      "Data columns (total 32 columns):\n",
      " #   Column           Non-Null Count  Dtype  \n",
      "---  ------           --------------  -----  \n",
      " 0   Unnamed: 0       27141 non-null  int64  \n",
      " 1   URL              27141 non-null  object \n",
      " 2   building         15164 non-null  object \n",
      " 3   district         27141 non-null  object \n",
      " 4   neighborhood     26812 non-null  object \n",
      " 5   price            27141 non-null  int64  \n",
      " 6   beds             27141 non-null  int32  \n",
      " 7   baths            27141 non-null  int64  \n",
      " 8   surface          27141 non-null  float64\n",
      " 9   lat              27141 non-null  float64\n",
      " 10  long             27141 non-null  float64\n",
      " 11  highlights       27141 non-null  object \n",
      " 12  furnishing       15862 non-null  object \n",
      " 13  amenities        27141 non-null  object \n",
      " 14  completion_year  27141 non-null  int64  \n",
      " 15  floor            731 non-null    float64\n",
      " 16  price_sqf        27141 non-null  float64\n",
      " 17  views            27141 non-null  int64  \n",
      " 18  discounted       27141 non-null  int64  \n",
      " 19  cheap            27141 non-null  int64  \n",
      " 20  distressed       27141 non-null  int64  \n",
      " 21  investment       27141 non-null  int64  \n",
      " 22  tenanted         27141 non-null  int64  \n",
      " 23  vacant           27141 non-null  int64  \n",
      " 24  metro            27141 non-null  int64  \n",
      " 25  furnished        27141 non-null  int64  \n",
      " 26  condition        27141 non-null  int64  \n",
      " 27  upgraded         499 non-null    object \n",
      " 28  luxury           27141 non-null  int64  \n",
      " 29  median_sqf       27141 non-null  float64\n",
      " 30  diff_percent     27141 non-null  float64\n",
      " 31  valuation        27141 non-null  object \n",
      "dtypes: float64(7), int32(1), int64(15), object(9)\n",
      "memory usage: 6.7+ MB\n"
     ]
    }
   ],
   "source": [
    "df.info()"
   ]
  },
  {
   "cell_type": "code",
   "execution_count": 4,
   "id": "a86139d4",
   "metadata": {},
   "outputs": [
    {
     "name": "stdout",
     "output_type": "stream",
     "text": [
      "<class 'pandas.core.frame.DataFrame'>\n",
      "Int64Index: 27141 entries, 0 to 27140\n",
      "Data columns (total 25 columns):\n",
      " #   Column           Non-Null Count  Dtype   \n",
      "---  ------           --------------  -----   \n",
      " 0   building         15164 non-null  object  \n",
      " 1   district         27141 non-null  category\n",
      " 2   neighborhood     26812 non-null  category\n",
      " 3   price            27141 non-null  int64   \n",
      " 4   beds             27141 non-null  int32   \n",
      " 5   baths            27141 non-null  int64   \n",
      " 6   surface          27141 non-null  float64 \n",
      " 7   furnishing       15862 non-null  category\n",
      " 8   completion_year  27141 non-null  int64   \n",
      " 9   floor            731 non-null    float64 \n",
      " 10  price_sqf        27141 non-null  float64 \n",
      " 11  views            27141 non-null  bool    \n",
      " 12  discounted       27141 non-null  bool    \n",
      " 13  cheap            27141 non-null  bool    \n",
      " 14  distressed       27141 non-null  bool    \n",
      " 15  investment       27141 non-null  bool    \n",
      " 16  tenanted         27141 non-null  bool    \n",
      " 17  vacant           27141 non-null  bool    \n",
      " 18  metro            27141 non-null  bool    \n",
      " 19  condition        27141 non-null  bool    \n",
      " 20  upgraded         499 non-null    object  \n",
      " 21  luxury           27141 non-null  bool    \n",
      " 22  median_sqf       27141 non-null  float64 \n",
      " 23  diff_percent     27141 non-null  float64 \n",
      " 24  valuation        27141 non-null  category\n",
      "dtypes: bool(10), category(4), float64(5), int32(1), int64(3), object(2)\n",
      "memory usage: 2.8+ MB\n"
     ]
    }
   ],
   "source": [
    "# delete unnecessary columns and convert to correct types \n",
    "\n",
    "df = df.drop(['Unnamed: 0', 'URL', 'lat', 'long', 'highlights', 'amenities', 'furnished'], axis=1)\n",
    "\n",
    "df['district'] = df['district'].astype('category')\n",
    "df['neighborhood'] = df['neighborhood'].astype('category')\n",
    "# df['beds'] = df['beds'].astype('category')\n",
    "# df['baths'] = df['baths'].astype('category')\n",
    "df['furnishing'] = df['furnishing'].astype('category')\n",
    "df['valuation'] = df['valuation'].astype('category')\n",
    "\n",
    "df['views'] = df['views'].astype(bool)\n",
    "df['discounted'] = df['discounted'].astype(bool)\n",
    "df['cheap'] = df['cheap'].astype(bool)\n",
    "df['cheap'] = df['cheap'].astype(bool)\n",
    "df['distressed'] = df['distressed'].astype(bool)\n",
    "df['investment'] = df['investment'].astype(bool)\n",
    "df['tenanted'] = df['tenanted'].astype(bool)\n",
    "df['vacant'] = df['vacant'].astype(bool)\n",
    "df['metro'] = df['metro'].astype(bool)\n",
    "df['condition'] = df['condition'].astype(bool)\n",
    "df['luxury'] = df['luxury'].astype(bool)\n",
    "df.info()"
   ]
  },
  {
   "cell_type": "code",
   "execution_count": 5,
   "id": "8ef74ff0",
   "metadata": {},
   "outputs": [
    {
     "name": "stdout",
     "output_type": "stream",
     "text": [
      "<class 'pandas.core.frame.DataFrame'>\n",
      "Int64Index: 27141 entries, 0 to 27140\n",
      "Data columns (total 19 columns):\n",
      " #   Column        Non-Null Count  Dtype   \n",
      "---  ------        --------------  -----   \n",
      " 0   district      27141 non-null  category\n",
      " 1   price         27141 non-null  int64   \n",
      " 2   beds          27141 non-null  int32   \n",
      " 3   baths         27141 non-null  int64   \n",
      " 4   surface       27141 non-null  float64 \n",
      " 5   price_sqf     27141 non-null  float64 \n",
      " 6   views         27141 non-null  bool    \n",
      " 7   discounted    27141 non-null  bool    \n",
      " 8   cheap         27141 non-null  bool    \n",
      " 9   distressed    27141 non-null  bool    \n",
      " 10  investment    27141 non-null  bool    \n",
      " 11  tenanted      27141 non-null  bool    \n",
      " 12  vacant        27141 non-null  bool    \n",
      " 13  metro         27141 non-null  bool    \n",
      " 14  condition     27141 non-null  bool    \n",
      " 15  luxury        27141 non-null  bool    \n",
      " 16  median_sqf    27141 non-null  float64 \n",
      " 17  diff_percent  27141 non-null  float64 \n",
      " 18  valuation     27141 non-null  category\n",
      "dtypes: bool(10), category(2), float64(4), int32(1), int64(2)\n",
      "memory usage: 1.9 MB\n"
     ]
    }
   ],
   "source": [
    "# select not-null columns\n",
    "\n",
    "data = df.drop(['building', 'neighborhood', 'furnishing', 'completion_year', 'floor', 'upgraded'], axis=1)\n",
    "data.info()"
   ]
  },
  {
   "cell_type": "code",
   "execution_count": 6,
   "id": "e2bee997",
   "metadata": {},
   "outputs": [
    {
     "data": {
      "text/html": [
       "<div>\n",
       "<style scoped>\n",
       "    .dataframe tbody tr th:only-of-type {\n",
       "        vertical-align: middle;\n",
       "    }\n",
       "\n",
       "    .dataframe tbody tr th {\n",
       "        vertical-align: top;\n",
       "    }\n",
       "\n",
       "    .dataframe thead th {\n",
       "        text-align: right;\n",
       "    }\n",
       "</style>\n",
       "<table border=\"1\" class=\"dataframe\">\n",
       "  <thead>\n",
       "    <tr style=\"text-align: right;\">\n",
       "      <th></th>\n",
       "      <th>price</th>\n",
       "      <th>beds</th>\n",
       "      <th>baths</th>\n",
       "      <th>surface</th>\n",
       "      <th>price_sqf</th>\n",
       "      <th>median_sqf</th>\n",
       "      <th>diff_percent</th>\n",
       "    </tr>\n",
       "  </thead>\n",
       "  <tbody>\n",
       "    <tr>\n",
       "      <th>count</th>\n",
       "      <td>27141.000000</td>\n",
       "      <td>27141.000000</td>\n",
       "      <td>27141.000000</td>\n",
       "      <td>27141.000000</td>\n",
       "      <td>27141.000000</td>\n",
       "      <td>27141.000000</td>\n",
       "      <td>27141.000000</td>\n",
       "    </tr>\n",
       "    <tr>\n",
       "      <th>mean</th>\n",
       "      <td>2119.367124</td>\n",
       "      <td>1.681478</td>\n",
       "      <td>2.408128</td>\n",
       "      <td>1277.695055</td>\n",
       "      <td>1557.192791</td>\n",
       "      <td>1484.740244</td>\n",
       "      <td>4.793332</td>\n",
       "    </tr>\n",
       "    <tr>\n",
       "      <th>std</th>\n",
       "      <td>1970.346499</td>\n",
       "      <td>0.879166</td>\n",
       "      <td>1.026082</td>\n",
       "      <td>590.998526</td>\n",
       "      <td>888.510718</td>\n",
       "      <td>660.015878</td>\n",
       "      <td>34.390048</td>\n",
       "    </tr>\n",
       "    <tr>\n",
       "      <th>min</th>\n",
       "      <td>190.000000</td>\n",
       "      <td>0.000000</td>\n",
       "      <td>0.000000</td>\n",
       "      <td>96.000000</td>\n",
       "      <td>193.810455</td>\n",
       "      <td>397.058824</td>\n",
       "      <td>-79.854178</td>\n",
       "    </tr>\n",
       "    <tr>\n",
       "      <th>25%</th>\n",
       "      <td>890.000000</td>\n",
       "      <td>1.000000</td>\n",
       "      <td>2.000000</td>\n",
       "      <td>831.000000</td>\n",
       "      <td>925.000000</td>\n",
       "      <td>959.462233</td>\n",
       "      <td>-13.494656</td>\n",
       "    </tr>\n",
       "    <tr>\n",
       "      <th>50%</th>\n",
       "      <td>1600.000000</td>\n",
       "      <td>2.000000</td>\n",
       "      <td>2.000000</td>\n",
       "      <td>1171.000000</td>\n",
       "      <td>1368.421053</td>\n",
       "      <td>1458.436982</td>\n",
       "      <td>0.000000</td>\n",
       "    </tr>\n",
       "    <tr>\n",
       "      <th>75%</th>\n",
       "      <td>2700.000000</td>\n",
       "      <td>2.000000</td>\n",
       "      <td>3.000000</td>\n",
       "      <td>1610.000000</td>\n",
       "      <td>1944.444444</td>\n",
       "      <td>1799.775028</td>\n",
       "      <td>15.569029</td>\n",
       "    </tr>\n",
       "    <tr>\n",
       "      <th>max</th>\n",
       "      <td>35000.000000</td>\n",
       "      <td>5.000000</td>\n",
       "      <td>6.000000</td>\n",
       "      <td>4000.000000</td>\n",
       "      <td>13415.101571</td>\n",
       "      <td>6393.861893</td>\n",
       "      <td>856.521739</td>\n",
       "    </tr>\n",
       "  </tbody>\n",
       "</table>\n",
       "</div>"
      ],
      "text/plain": [
       "              price          beds         baths       surface     price_sqf  \\\n",
       "count  27141.000000  27141.000000  27141.000000  27141.000000  27141.000000   \n",
       "mean    2119.367124      1.681478      2.408128   1277.695055   1557.192791   \n",
       "std     1970.346499      0.879166      1.026082    590.998526    888.510718   \n",
       "min      190.000000      0.000000      0.000000     96.000000    193.810455   \n",
       "25%      890.000000      1.000000      2.000000    831.000000    925.000000   \n",
       "50%     1600.000000      2.000000      2.000000   1171.000000   1368.421053   \n",
       "75%     2700.000000      2.000000      3.000000   1610.000000   1944.444444   \n",
       "max    35000.000000      5.000000      6.000000   4000.000000  13415.101571   \n",
       "\n",
       "         median_sqf  diff_percent  \n",
       "count  27141.000000  27141.000000  \n",
       "mean    1484.740244      4.793332  \n",
       "std      660.015878     34.390048  \n",
       "min      397.058824    -79.854178  \n",
       "25%      959.462233    -13.494656  \n",
       "50%     1458.436982      0.000000  \n",
       "75%     1799.775028     15.569029  \n",
       "max     6393.861893    856.521739  "
      ]
     },
     "execution_count": 6,
     "metadata": {},
     "output_type": "execute_result"
    }
   ],
   "source": [
    "data['price'] = data['price'] / 1000\n",
    "data.describe()"
   ]
  },
  {
   "cell_type": "code",
   "execution_count": 7,
   "id": "53118a57",
   "metadata": {},
   "outputs": [
    {
     "data": {
      "text/html": [
       "<div>\n",
       "<style scoped>\n",
       "    .dataframe tbody tr th:only-of-type {\n",
       "        vertical-align: middle;\n",
       "    }\n",
       "\n",
       "    .dataframe tbody tr th {\n",
       "        vertical-align: top;\n",
       "    }\n",
       "\n",
       "    .dataframe thead th {\n",
       "        text-align: right;\n",
       "    }\n",
       "</style>\n",
       "<table border=\"1\" class=\"dataframe\">\n",
       "  <thead>\n",
       "    <tr style=\"text-align: right;\">\n",
       "      <th></th>\n",
       "      <th>district</th>\n",
       "      <th>valuation</th>\n",
       "    </tr>\n",
       "  </thead>\n",
       "  <tbody>\n",
       "    <tr>\n",
       "      <th>count</th>\n",
       "      <td>27141</td>\n",
       "      <td>27141</td>\n",
       "    </tr>\n",
       "    <tr>\n",
       "      <th>unique</th>\n",
       "      <td>75</td>\n",
       "      <td>5</td>\n",
       "    </tr>\n",
       "    <tr>\n",
       "      <th>top</th>\n",
       "      <td>Downtown Dubai</td>\n",
       "      <td>fair value</td>\n",
       "    </tr>\n",
       "    <tr>\n",
       "      <th>freq</th>\n",
       "      <td>3940</td>\n",
       "      <td>20919</td>\n",
       "    </tr>\n",
       "  </tbody>\n",
       "</table>\n",
       "</div>"
      ],
      "text/plain": [
       "              district   valuation\n",
       "count            27141       27141\n",
       "unique              75           5\n",
       "top     Downtown Dubai  fair value\n",
       "freq              3940       20919"
      ]
     },
     "execution_count": 7,
     "metadata": {},
     "output_type": "execute_result"
    }
   ],
   "source": [
    "data.describe(include=['category'])"
   ]
  },
  {
   "cell_type": "code",
   "execution_count": 8,
   "id": "c8ac4c6b",
   "metadata": {},
   "outputs": [
    {
     "data": {
      "text/html": [
       "<div>\n",
       "<style scoped>\n",
       "    .dataframe tbody tr th:only-of-type {\n",
       "        vertical-align: middle;\n",
       "    }\n",
       "\n",
       "    .dataframe tbody tr th {\n",
       "        vertical-align: top;\n",
       "    }\n",
       "\n",
       "    .dataframe thead th {\n",
       "        text-align: right;\n",
       "    }\n",
       "</style>\n",
       "<table border=\"1\" class=\"dataframe\">\n",
       "  <thead>\n",
       "    <tr style=\"text-align: right;\">\n",
       "      <th></th>\n",
       "      <th>price</th>\n",
       "      <th>beds</th>\n",
       "      <th>baths</th>\n",
       "      <th>surface</th>\n",
       "      <th>price_sqf</th>\n",
       "      <th>views</th>\n",
       "      <th>discounted</th>\n",
       "      <th>cheap</th>\n",
       "      <th>distressed</th>\n",
       "      <th>investment</th>\n",
       "      <th>tenanted</th>\n",
       "      <th>vacant</th>\n",
       "      <th>metro</th>\n",
       "      <th>condition</th>\n",
       "      <th>luxury</th>\n",
       "      <th>median_sqf</th>\n",
       "      <th>diff_percent</th>\n",
       "    </tr>\n",
       "  </thead>\n",
       "  <tbody>\n",
       "    <tr>\n",
       "      <th>price</th>\n",
       "      <td>1.000000</td>\n",
       "      <td>0.672239</td>\n",
       "      <td>0.611562</td>\n",
       "      <td>0.749286</td>\n",
       "      <td>0.808649</td>\n",
       "      <td>0.314692</td>\n",
       "      <td>-0.017288</td>\n",
       "      <td>-0.073890</td>\n",
       "      <td>-0.054621</td>\n",
       "      <td>-0.125457</td>\n",
       "      <td>-0.098530</td>\n",
       "      <td>0.024519</td>\n",
       "      <td>-0.093046</td>\n",
       "      <td>-0.101225</td>\n",
       "      <td>-0.048851</td>\n",
       "      <td>0.740216</td>\n",
       "      <td>0.279029</td>\n",
       "    </tr>\n",
       "    <tr>\n",
       "      <th>beds</th>\n",
       "      <td>0.672239</td>\n",
       "      <td>1.000000</td>\n",
       "      <td>0.837230</td>\n",
       "      <td>0.872507</td>\n",
       "      <td>0.241121</td>\n",
       "      <td>0.175600</td>\n",
       "      <td>0.000790</td>\n",
       "      <td>-0.023318</td>\n",
       "      <td>-0.021942</td>\n",
       "      <td>-0.099158</td>\n",
       "      <td>-0.066048</td>\n",
       "      <td>0.036528</td>\n",
       "      <td>-0.039354</td>\n",
       "      <td>-0.072570</td>\n",
       "      <td>-0.034733</td>\n",
       "      <td>0.254856</td>\n",
       "      <td>0.010339</td>\n",
       "    </tr>\n",
       "    <tr>\n",
       "      <th>baths</th>\n",
       "      <td>0.611562</td>\n",
       "      <td>0.837230</td>\n",
       "      <td>1.000000</td>\n",
       "      <td>0.818249</td>\n",
       "      <td>0.197196</td>\n",
       "      <td>0.155432</td>\n",
       "      <td>-0.000447</td>\n",
       "      <td>-0.027880</td>\n",
       "      <td>-0.015753</td>\n",
       "      <td>-0.093793</td>\n",
       "      <td>-0.055582</td>\n",
       "      <td>0.034994</td>\n",
       "      <td>-0.030958</td>\n",
       "      <td>-0.086685</td>\n",
       "      <td>-0.050829</td>\n",
       "      <td>0.203703</td>\n",
       "      <td>0.008066</td>\n",
       "    </tr>\n",
       "    <tr>\n",
       "      <th>surface</th>\n",
       "      <td>0.749286</td>\n",
       "      <td>0.872507</td>\n",
       "      <td>0.818249</td>\n",
       "      <td>1.000000</td>\n",
       "      <td>0.245333</td>\n",
       "      <td>0.179702</td>\n",
       "      <td>-0.000602</td>\n",
       "      <td>-0.042037</td>\n",
       "      <td>-0.032017</td>\n",
       "      <td>-0.118011</td>\n",
       "      <td>-0.064378</td>\n",
       "      <td>0.046613</td>\n",
       "      <td>-0.044012</td>\n",
       "      <td>-0.115267</td>\n",
       "      <td>-0.065425</td>\n",
       "      <td>0.306646</td>\n",
       "      <td>-0.068566</td>\n",
       "    </tr>\n",
       "    <tr>\n",
       "      <th>price_sqf</th>\n",
       "      <td>0.808649</td>\n",
       "      <td>0.241121</td>\n",
       "      <td>0.197196</td>\n",
       "      <td>0.245333</td>\n",
       "      <td>1.000000</td>\n",
       "      <td>0.306367</td>\n",
       "      <td>-0.024974</td>\n",
       "      <td>-0.072478</td>\n",
       "      <td>-0.055417</td>\n",
       "      <td>-0.079465</td>\n",
       "      <td>-0.095197</td>\n",
       "      <td>-0.008632</td>\n",
       "      <td>-0.100459</td>\n",
       "      <td>-0.044710</td>\n",
       "      <td>-0.014464</td>\n",
       "      <td>0.842977</td>\n",
       "      <td>0.476004</td>\n",
       "    </tr>\n",
       "    <tr>\n",
       "      <th>views</th>\n",
       "      <td>0.314692</td>\n",
       "      <td>0.175600</td>\n",
       "      <td>0.155432</td>\n",
       "      <td>0.179702</td>\n",
       "      <td>0.306367</td>\n",
       "      <td>1.000000</td>\n",
       "      <td>-0.031733</td>\n",
       "      <td>-0.060939</td>\n",
       "      <td>-0.036793</td>\n",
       "      <td>-0.119887</td>\n",
       "      <td>-0.030928</td>\n",
       "      <td>0.007097</td>\n",
       "      <td>-0.059431</td>\n",
       "      <td>-0.090161</td>\n",
       "      <td>-0.050800</td>\n",
       "      <td>0.275699</td>\n",
       "      <td>0.108784</td>\n",
       "    </tr>\n",
       "    <tr>\n",
       "      <th>discounted</th>\n",
       "      <td>-0.017288</td>\n",
       "      <td>0.000790</td>\n",
       "      <td>-0.000447</td>\n",
       "      <td>-0.000602</td>\n",
       "      <td>-0.024974</td>\n",
       "      <td>-0.031733</td>\n",
       "      <td>1.000000</td>\n",
       "      <td>0.003905</td>\n",
       "      <td>0.007885</td>\n",
       "      <td>-0.010440</td>\n",
       "      <td>0.007446</td>\n",
       "      <td>0.017855</td>\n",
       "      <td>-0.003471</td>\n",
       "      <td>0.004468</td>\n",
       "      <td>-0.003407</td>\n",
       "      <td>-0.018015</td>\n",
       "      <td>-0.016394</td>\n",
       "    </tr>\n",
       "    <tr>\n",
       "      <th>cheap</th>\n",
       "      <td>-0.073890</td>\n",
       "      <td>-0.023318</td>\n",
       "      <td>-0.027880</td>\n",
       "      <td>-0.042037</td>\n",
       "      <td>-0.072478</td>\n",
       "      <td>-0.060939</td>\n",
       "      <td>0.003905</td>\n",
       "      <td>1.000000</td>\n",
       "      <td>-0.011427</td>\n",
       "      <td>-0.008196</td>\n",
       "      <td>-0.002311</td>\n",
       "      <td>-0.010792</td>\n",
       "      <td>0.006470</td>\n",
       "      <td>-0.014045</td>\n",
       "      <td>-0.010168</td>\n",
       "      <td>-0.053753</td>\n",
       "      <td>-0.048452</td>\n",
       "    </tr>\n",
       "    <tr>\n",
       "      <th>distressed</th>\n",
       "      <td>-0.054621</td>\n",
       "      <td>-0.021942</td>\n",
       "      <td>-0.015753</td>\n",
       "      <td>-0.032017</td>\n",
       "      <td>-0.055417</td>\n",
       "      <td>-0.036793</td>\n",
       "      <td>0.007885</td>\n",
       "      <td>-0.011427</td>\n",
       "      <td>1.000000</td>\n",
       "      <td>0.000252</td>\n",
       "      <td>-0.003211</td>\n",
       "      <td>-0.000326</td>\n",
       "      <td>-0.003824</td>\n",
       "      <td>-0.004571</td>\n",
       "      <td>-0.010112</td>\n",
       "      <td>-0.043327</td>\n",
       "      <td>-0.036982</td>\n",
       "    </tr>\n",
       "    <tr>\n",
       "      <th>investment</th>\n",
       "      <td>-0.125457</td>\n",
       "      <td>-0.099158</td>\n",
       "      <td>-0.093793</td>\n",
       "      <td>-0.118011</td>\n",
       "      <td>-0.079465</td>\n",
       "      <td>-0.119887</td>\n",
       "      <td>-0.010440</td>\n",
       "      <td>-0.008196</td>\n",
       "      <td>0.000252</td>\n",
       "      <td>1.000000</td>\n",
       "      <td>0.064100</td>\n",
       "      <td>-0.066725</td>\n",
       "      <td>0.019013</td>\n",
       "      <td>-0.028146</td>\n",
       "      <td>-0.013889</td>\n",
       "      <td>-0.072476</td>\n",
       "      <td>-0.031856</td>\n",
       "    </tr>\n",
       "    <tr>\n",
       "      <th>tenanted</th>\n",
       "      <td>-0.098530</td>\n",
       "      <td>-0.066048</td>\n",
       "      <td>-0.055582</td>\n",
       "      <td>-0.064378</td>\n",
       "      <td>-0.095197</td>\n",
       "      <td>-0.030928</td>\n",
       "      <td>0.007446</td>\n",
       "      <td>-0.002311</td>\n",
       "      <td>-0.003211</td>\n",
       "      <td>0.064100</td>\n",
       "      <td>1.000000</td>\n",
       "      <td>-0.108540</td>\n",
       "      <td>0.006035</td>\n",
       "      <td>-0.058865</td>\n",
       "      <td>-0.038157</td>\n",
       "      <td>-0.070734</td>\n",
       "      <td>-0.069156</td>\n",
       "    </tr>\n",
       "    <tr>\n",
       "      <th>vacant</th>\n",
       "      <td>0.024519</td>\n",
       "      <td>0.036528</td>\n",
       "      <td>0.034994</td>\n",
       "      <td>0.046613</td>\n",
       "      <td>-0.008632</td>\n",
       "      <td>0.007097</td>\n",
       "      <td>0.017855</td>\n",
       "      <td>-0.010792</td>\n",
       "      <td>-0.000326</td>\n",
       "      <td>-0.066725</td>\n",
       "      <td>-0.108540</td>\n",
       "      <td>1.000000</td>\n",
       "      <td>-0.000645</td>\n",
       "      <td>-0.025069</td>\n",
       "      <td>-0.012396</td>\n",
       "      <td>0.012351</td>\n",
       "      <td>-0.045819</td>\n",
       "    </tr>\n",
       "    <tr>\n",
       "      <th>metro</th>\n",
       "      <td>-0.093046</td>\n",
       "      <td>-0.039354</td>\n",
       "      <td>-0.030958</td>\n",
       "      <td>-0.044012</td>\n",
       "      <td>-0.100459</td>\n",
       "      <td>-0.059431</td>\n",
       "      <td>-0.003471</td>\n",
       "      <td>0.006470</td>\n",
       "      <td>-0.003824</td>\n",
       "      <td>0.019013</td>\n",
       "      <td>0.006035</td>\n",
       "      <td>-0.000645</td>\n",
       "      <td>1.000000</td>\n",
       "      <td>-0.024202</td>\n",
       "      <td>-0.020288</td>\n",
       "      <td>-0.085319</td>\n",
       "      <td>-0.044203</td>\n",
       "    </tr>\n",
       "    <tr>\n",
       "      <th>condition</th>\n",
       "      <td>-0.101225</td>\n",
       "      <td>-0.072570</td>\n",
       "      <td>-0.086685</td>\n",
       "      <td>-0.115267</td>\n",
       "      <td>-0.044710</td>\n",
       "      <td>-0.090161</td>\n",
       "      <td>0.004468</td>\n",
       "      <td>-0.014045</td>\n",
       "      <td>-0.004571</td>\n",
       "      <td>-0.028146</td>\n",
       "      <td>-0.058865</td>\n",
       "      <td>-0.025069</td>\n",
       "      <td>-0.024202</td>\n",
       "      <td>1.000000</td>\n",
       "      <td>0.684304</td>\n",
       "      <td>-0.060068</td>\n",
       "      <td>0.023613</td>\n",
       "    </tr>\n",
       "    <tr>\n",
       "      <th>luxury</th>\n",
       "      <td>-0.048851</td>\n",
       "      <td>-0.034733</td>\n",
       "      <td>-0.050829</td>\n",
       "      <td>-0.065425</td>\n",
       "      <td>-0.014464</td>\n",
       "      <td>-0.050800</td>\n",
       "      <td>-0.003407</td>\n",
       "      <td>-0.010168</td>\n",
       "      <td>-0.010112</td>\n",
       "      <td>-0.013889</td>\n",
       "      <td>-0.038157</td>\n",
       "      <td>-0.012396</td>\n",
       "      <td>-0.020288</td>\n",
       "      <td>0.684304</td>\n",
       "      <td>1.000000</td>\n",
       "      <td>-0.024839</td>\n",
       "      <td>0.014855</td>\n",
       "    </tr>\n",
       "    <tr>\n",
       "      <th>median_sqf</th>\n",
       "      <td>0.740216</td>\n",
       "      <td>0.254856</td>\n",
       "      <td>0.203703</td>\n",
       "      <td>0.306646</td>\n",
       "      <td>0.842977</td>\n",
       "      <td>0.275699</td>\n",
       "      <td>-0.018015</td>\n",
       "      <td>-0.053753</td>\n",
       "      <td>-0.043327</td>\n",
       "      <td>-0.072476</td>\n",
       "      <td>-0.070734</td>\n",
       "      <td>0.012351</td>\n",
       "      <td>-0.085319</td>\n",
       "      <td>-0.060068</td>\n",
       "      <td>-0.024839</td>\n",
       "      <td>1.000000</td>\n",
       "      <td>-0.008158</td>\n",
       "    </tr>\n",
       "    <tr>\n",
       "      <th>diff_percent</th>\n",
       "      <td>0.279029</td>\n",
       "      <td>0.010339</td>\n",
       "      <td>0.008066</td>\n",
       "      <td>-0.068566</td>\n",
       "      <td>0.476004</td>\n",
       "      <td>0.108784</td>\n",
       "      <td>-0.016394</td>\n",
       "      <td>-0.048452</td>\n",
       "      <td>-0.036982</td>\n",
       "      <td>-0.031856</td>\n",
       "      <td>-0.069156</td>\n",
       "      <td>-0.045819</td>\n",
       "      <td>-0.044203</td>\n",
       "      <td>0.023613</td>\n",
       "      <td>0.014855</td>\n",
       "      <td>-0.008158</td>\n",
       "      <td>1.000000</td>\n",
       "    </tr>\n",
       "  </tbody>\n",
       "</table>\n",
       "</div>"
      ],
      "text/plain": [
       "                 price      beds     baths   surface  price_sqf     views  \\\n",
       "price         1.000000  0.672239  0.611562  0.749286   0.808649  0.314692   \n",
       "beds          0.672239  1.000000  0.837230  0.872507   0.241121  0.175600   \n",
       "baths         0.611562  0.837230  1.000000  0.818249   0.197196  0.155432   \n",
       "surface       0.749286  0.872507  0.818249  1.000000   0.245333  0.179702   \n",
       "price_sqf     0.808649  0.241121  0.197196  0.245333   1.000000  0.306367   \n",
       "views         0.314692  0.175600  0.155432  0.179702   0.306367  1.000000   \n",
       "discounted   -0.017288  0.000790 -0.000447 -0.000602  -0.024974 -0.031733   \n",
       "cheap        -0.073890 -0.023318 -0.027880 -0.042037  -0.072478 -0.060939   \n",
       "distressed   -0.054621 -0.021942 -0.015753 -0.032017  -0.055417 -0.036793   \n",
       "investment   -0.125457 -0.099158 -0.093793 -0.118011  -0.079465 -0.119887   \n",
       "tenanted     -0.098530 -0.066048 -0.055582 -0.064378  -0.095197 -0.030928   \n",
       "vacant        0.024519  0.036528  0.034994  0.046613  -0.008632  0.007097   \n",
       "metro        -0.093046 -0.039354 -0.030958 -0.044012  -0.100459 -0.059431   \n",
       "condition    -0.101225 -0.072570 -0.086685 -0.115267  -0.044710 -0.090161   \n",
       "luxury       -0.048851 -0.034733 -0.050829 -0.065425  -0.014464 -0.050800   \n",
       "median_sqf    0.740216  0.254856  0.203703  0.306646   0.842977  0.275699   \n",
       "diff_percent  0.279029  0.010339  0.008066 -0.068566   0.476004  0.108784   \n",
       "\n",
       "              discounted     cheap  distressed  investment  tenanted  \\\n",
       "price          -0.017288 -0.073890   -0.054621   -0.125457 -0.098530   \n",
       "beds            0.000790 -0.023318   -0.021942   -0.099158 -0.066048   \n",
       "baths          -0.000447 -0.027880   -0.015753   -0.093793 -0.055582   \n",
       "surface        -0.000602 -0.042037   -0.032017   -0.118011 -0.064378   \n",
       "price_sqf      -0.024974 -0.072478   -0.055417   -0.079465 -0.095197   \n",
       "views          -0.031733 -0.060939   -0.036793   -0.119887 -0.030928   \n",
       "discounted      1.000000  0.003905    0.007885   -0.010440  0.007446   \n",
       "cheap           0.003905  1.000000   -0.011427   -0.008196 -0.002311   \n",
       "distressed      0.007885 -0.011427    1.000000    0.000252 -0.003211   \n",
       "investment     -0.010440 -0.008196    0.000252    1.000000  0.064100   \n",
       "tenanted        0.007446 -0.002311   -0.003211    0.064100  1.000000   \n",
       "vacant          0.017855 -0.010792   -0.000326   -0.066725 -0.108540   \n",
       "metro          -0.003471  0.006470   -0.003824    0.019013  0.006035   \n",
       "condition       0.004468 -0.014045   -0.004571   -0.028146 -0.058865   \n",
       "luxury         -0.003407 -0.010168   -0.010112   -0.013889 -0.038157   \n",
       "median_sqf     -0.018015 -0.053753   -0.043327   -0.072476 -0.070734   \n",
       "diff_percent   -0.016394 -0.048452   -0.036982   -0.031856 -0.069156   \n",
       "\n",
       "                vacant     metro  condition    luxury  median_sqf  \\\n",
       "price         0.024519 -0.093046  -0.101225 -0.048851    0.740216   \n",
       "beds          0.036528 -0.039354  -0.072570 -0.034733    0.254856   \n",
       "baths         0.034994 -0.030958  -0.086685 -0.050829    0.203703   \n",
       "surface       0.046613 -0.044012  -0.115267 -0.065425    0.306646   \n",
       "price_sqf    -0.008632 -0.100459  -0.044710 -0.014464    0.842977   \n",
       "views         0.007097 -0.059431  -0.090161 -0.050800    0.275699   \n",
       "discounted    0.017855 -0.003471   0.004468 -0.003407   -0.018015   \n",
       "cheap        -0.010792  0.006470  -0.014045 -0.010168   -0.053753   \n",
       "distressed   -0.000326 -0.003824  -0.004571 -0.010112   -0.043327   \n",
       "investment   -0.066725  0.019013  -0.028146 -0.013889   -0.072476   \n",
       "tenanted     -0.108540  0.006035  -0.058865 -0.038157   -0.070734   \n",
       "vacant        1.000000 -0.000645  -0.025069 -0.012396    0.012351   \n",
       "metro        -0.000645  1.000000  -0.024202 -0.020288   -0.085319   \n",
       "condition    -0.025069 -0.024202   1.000000  0.684304   -0.060068   \n",
       "luxury       -0.012396 -0.020288   0.684304  1.000000   -0.024839   \n",
       "median_sqf    0.012351 -0.085319  -0.060068 -0.024839    1.000000   \n",
       "diff_percent -0.045819 -0.044203   0.023613  0.014855   -0.008158   \n",
       "\n",
       "              diff_percent  \n",
       "price             0.279029  \n",
       "beds              0.010339  \n",
       "baths             0.008066  \n",
       "surface          -0.068566  \n",
       "price_sqf         0.476004  \n",
       "views             0.108784  \n",
       "discounted       -0.016394  \n",
       "cheap            -0.048452  \n",
       "distressed       -0.036982  \n",
       "investment       -0.031856  \n",
       "tenanted         -0.069156  \n",
       "vacant           -0.045819  \n",
       "metro            -0.044203  \n",
       "condition         0.023613  \n",
       "luxury            0.014855  \n",
       "median_sqf       -0.008158  \n",
       "diff_percent      1.000000  "
      ]
     },
     "execution_count": 8,
     "metadata": {},
     "output_type": "execute_result"
    }
   ],
   "source": [
    "data.corr(method='spearman')"
   ]
  },
  {
   "cell_type": "code",
   "execution_count": 24,
   "id": "04c1ed26",
   "metadata": {},
   "outputs": [
    {
     "name": "stdout",
     "output_type": "stream",
     "text": [
      "0.7492859744737627 0.0\n"
     ]
    }
   ],
   "source": [
    "corr, pvalue = stats.spearmanr(data['price'], data['surface'])\n",
    "print(corr, pvalue)"
   ]
  },
  {
   "cell_type": "code",
   "execution_count": 25,
   "id": "376da3df",
   "metadata": {},
   "outputs": [
    {
     "data": {
      "application/javascript": [
       "/* Put everything inside the global mpl namespace */\n",
       "/* global mpl */\n",
       "window.mpl = {};\n",
       "\n",
       "mpl.get_websocket_type = function () {\n",
       "    if (typeof WebSocket !== 'undefined') {\n",
       "        return WebSocket;\n",
       "    } else if (typeof MozWebSocket !== 'undefined') {\n",
       "        return MozWebSocket;\n",
       "    } else {\n",
       "        alert(\n",
       "            'Your browser does not have WebSocket support. ' +\n",
       "                'Please try Chrome, Safari or Firefox ≥ 6. ' +\n",
       "                'Firefox 4 and 5 are also supported but you ' +\n",
       "                'have to enable WebSockets in about:config.'\n",
       "        );\n",
       "    }\n",
       "};\n",
       "\n",
       "mpl.figure = function (figure_id, websocket, ondownload, parent_element) {\n",
       "    this.id = figure_id;\n",
       "\n",
       "    this.ws = websocket;\n",
       "\n",
       "    this.supports_binary = this.ws.binaryType !== undefined;\n",
       "\n",
       "    if (!this.supports_binary) {\n",
       "        var warnings = document.getElementById('mpl-warnings');\n",
       "        if (warnings) {\n",
       "            warnings.style.display = 'block';\n",
       "            warnings.textContent =\n",
       "                'This browser does not support binary websocket messages. ' +\n",
       "                'Performance may be slow.';\n",
       "        }\n",
       "    }\n",
       "\n",
       "    this.imageObj = new Image();\n",
       "\n",
       "    this.context = undefined;\n",
       "    this.message = undefined;\n",
       "    this.canvas = undefined;\n",
       "    this.rubberband_canvas = undefined;\n",
       "    this.rubberband_context = undefined;\n",
       "    this.format_dropdown = undefined;\n",
       "\n",
       "    this.image_mode = 'full';\n",
       "\n",
       "    this.root = document.createElement('div');\n",
       "    this.root.setAttribute('style', 'display: inline-block');\n",
       "    this._root_extra_style(this.root);\n",
       "\n",
       "    parent_element.appendChild(this.root);\n",
       "\n",
       "    this._init_header(this);\n",
       "    this._init_canvas(this);\n",
       "    this._init_toolbar(this);\n",
       "\n",
       "    var fig = this;\n",
       "\n",
       "    this.waiting = false;\n",
       "\n",
       "    this.ws.onopen = function () {\n",
       "        fig.send_message('supports_binary', { value: fig.supports_binary });\n",
       "        fig.send_message('send_image_mode', {});\n",
       "        if (fig.ratio !== 1) {\n",
       "            fig.send_message('set_device_pixel_ratio', {\n",
       "                device_pixel_ratio: fig.ratio,\n",
       "            });\n",
       "        }\n",
       "        fig.send_message('refresh', {});\n",
       "    };\n",
       "\n",
       "    this.imageObj.onload = function () {\n",
       "        if (fig.image_mode === 'full') {\n",
       "            // Full images could contain transparency (where diff images\n",
       "            // almost always do), so we need to clear the canvas so that\n",
       "            // there is no ghosting.\n",
       "            fig.context.clearRect(0, 0, fig.canvas.width, fig.canvas.height);\n",
       "        }\n",
       "        fig.context.drawImage(fig.imageObj, 0, 0);\n",
       "    };\n",
       "\n",
       "    this.imageObj.onunload = function () {\n",
       "        fig.ws.close();\n",
       "    };\n",
       "\n",
       "    this.ws.onmessage = this._make_on_message_function(this);\n",
       "\n",
       "    this.ondownload = ondownload;\n",
       "};\n",
       "\n",
       "mpl.figure.prototype._init_header = function () {\n",
       "    var titlebar = document.createElement('div');\n",
       "    titlebar.classList =\n",
       "        'ui-dialog-titlebar ui-widget-header ui-corner-all ui-helper-clearfix';\n",
       "    var titletext = document.createElement('div');\n",
       "    titletext.classList = 'ui-dialog-title';\n",
       "    titletext.setAttribute(\n",
       "        'style',\n",
       "        'width: 100%; text-align: center; padding: 3px;'\n",
       "    );\n",
       "    titlebar.appendChild(titletext);\n",
       "    this.root.appendChild(titlebar);\n",
       "    this.header = titletext;\n",
       "};\n",
       "\n",
       "mpl.figure.prototype._canvas_extra_style = function (_canvas_div) {};\n",
       "\n",
       "mpl.figure.prototype._root_extra_style = function (_canvas_div) {};\n",
       "\n",
       "mpl.figure.prototype._init_canvas = function () {\n",
       "    var fig = this;\n",
       "\n",
       "    var canvas_div = (this.canvas_div = document.createElement('div'));\n",
       "    canvas_div.setAttribute(\n",
       "        'style',\n",
       "        'border: 1px solid #ddd;' +\n",
       "            'box-sizing: content-box;' +\n",
       "            'clear: both;' +\n",
       "            'min-height: 1px;' +\n",
       "            'min-width: 1px;' +\n",
       "            'outline: 0;' +\n",
       "            'overflow: hidden;' +\n",
